34

ΠΙ, 7, 34. 33,121. 111888. Π, 4, 1220, 46. IV, 28, 90.
V, 18, 51. 26, 73. 29, 83. 11811. P. V, 2, 3. VI, 2, 2.
13,13. 118 Legg. Π, 24, 59. ΙΠ,8, 18. 9, 21. 188111.
Π, 19, 63. ΤοΡ. 1, 3. 01. 52. 150. 227. Brut. 10. 11801.
Ι,21, 98. 37,170. 41, 186. ΙΙ, 2, 8. 10, 39. 25,109. 36, 152.
56, 229. 230. 52, 291 (bis). in Verr. act. ΙΙ. l. 111, 45.
IV, 93. 147. p. Mare. 23. 118 dom. 144. 118 har.
37. 51. 111 vat. 9. p. 0881. 18, 32. Ρ. Balbo 53. in Pis. ¹
2282. p. Mil. 87. Ρ.Μ818.4. 15. Phil. I,8. 11, 6. 21.
38. 51. XI, 24. ad fam. III, 6, 2. VI, 1, 2. 10, 2.

11, 18, 1. 88. 1111, 30, 4. 11111, 18, 8. 888, 8. 51. 1111, 18, 1. 1

8188. 1,1,88. 111, 8,1. 8, 7. 59 18. 111881. ’
111, 8, 8. 911, 3, 3. 14, 9. 7111, 11, 5. 11, 9, 1.

¹ 181. 111, 881. 1111, 818. 11111, 8, 8. 111141.

XVI, 3, 4. 5, 1. 9.Ι Nep. Att. 12, 3. 0888811. 70, 6.
varro 111, 7, 9. 19, 5.

cuius quidem: 915: 1181111. IV, 9, 33. 0818111. 53. 55.
118111). 11, 84, 88. 118 188. 1,.18, 27. 18881. 11, 38120.
45,139. 01. 57. Brut. 91. 97. 11801. I, 27, 123. p.
Flacco 36. p. Plane. 43. Ρ1111 Π, 11, 28. ad fam.
XI, 22, 1. 8111111, 1, 25. 1111. Χ, 8, 9. 11, 3. XII,
7,1.

om' quidem: Oic.: 1181111. 64,160. 1181111. 47,105. ³

1181818 I, 4, 7. 118 Off. 111, 3, 11. Tusce. III, 29, 71.
118111. (Onp. 837.) Part. 811. 19, 67. Brut. 181. 11801.

11,7,.4298111311 8888881188 Phil.,1115. ‘

X,.23 adfamL.731V„.11 71„.94vl1,9,.1
Χ15,2. Χ111,,52. XV,21‚3. 11111,,181. 8111111

ΙΠ,,.116 8811111719211122111105. “

11, 18, 1. 111, 8, 8. 11111, 18, 8. 441. 117, 19, 9. xv, 12, 8.
XVI, ’5, 1. Ν8Ρ. ΕΡ8111. 2, 2.

quem quidem: 88818118. 1, 8, 8. 11, 17, 57. 11, 29, 95.
1181101124, 62. 118 141³. V, 1, l. 1188. Ρ1. II, 20, 99. ,
11881. 184118. 88188. 111, 22, 88. 81, 888. 881 111, 18. ,
1181181. 40. p. 8881. 140. Ρ. Cael. 60. Ρ. Plano. 87.
Phil. ΙΙ, 47. 811 fam. IX, 14, 3. XII, 19, 2. XIII, 21, 2.

 

